specCols <- c(
    "#5E4FA2",
    "#3288BD",
    "#66C2A5",
    "#ABDDA4",
    "#E6F598",
    "#FEE08B",
    "#FDAE61",
    "#F46D43",
    "#D53E4F",
    "#9E0142"
)

styles_color_Default <- c("#F8766D", "#00BFC4", "#7CAE00", "#C77CFF") 
plotColor <- styles_color_Default